
------------------------2x2-------Det=-1-------------------------
3,4
4,5

------------------------2x2-------Det=1-------------------------
5,8
3,5

------------------------3x3-------Det=-1-------------------------
2,6,3
2,3,2
3,1,2

------------------------3x3-------Det=1-------------------------
2,7,3
2,3,2
3,1,2

------------------------4x4-------Det=-1-------------------------
1,1,2,1
2,2,3,0
4,3,2,0
3,2,1,2

------------------------4x4-------Det=1-------------------------
1,3,2,3
2,1,2,2
4,0,3,0
3,2,3,2

------------------------5x5-------Det=-1-------------------------
3,2,4,3,3
4,2,0,2,1
3,1,3,2,7
4,3,1,4,2
1,2,3,4,4

------------------------5x5-------Det=1-------------------------
3,2,4,3,4
4,2,0,2,1
3,1,3,2,7
4,3,1,4,2
1,2,3,4,4

